3.84500e-02 5.74129e-176 2.05851e-123 5.34589e-81 4.25007e-48 8.07451e-24 9.41033e-09 1.78206e-03 9.41033e-09 8.07451e-24 4.25007e-48 5.34589e-81 2.05851e-123 5.74129e-176
7.69000e-02 8.80943e-174 1.34912e-121 1.50177e-79 5.25065e-47 4.26921e-23 2.18709e-08 2.17308e-03 2.18709e-08 4.26921e-23 5.25065e-47 1.50177e-79 1.34912e-121 8.80943e-174
1.15300e-01 1.29968e-171 8.51127e-120 4.06617e-78 6.25868e-46 2.18071e-22 4.92336e-08 2.60504e-03 4.92336e-08 2.18071e-22 6.25868e-46 4.06617e-78 8.51127e-120 1.29968e-171
1.53800e-01 1.87983e-169 5.25282e-118 1.07482e-76 7.26752e-45 1.08296e-21 1.07694e-07 3.07554e-03 1.07694e-07 1.08296e-21 7.26752e-45 1.07482e-76 5.25282e-118 1.87983e-169
1.92200e-01 2.59760e-167 3.10417e-116 2.72689e-75 8.11696e-44 5.18543e-21 2.28008e-07 3.57694e-03 2.28008e-07 5.18543e-21 8.11696e-44 2.72689e-75 3.10417e-116 2.59760e-167
2.30700e-01 3.51841e-165 1.79423e-114 6.75308e-74 8.83014e-43 2.41362e-20 4.69125e-07 4.10598e-03 4.69125e-07 2.41362e-20 8.83014e-43 6.75308e-74 1.79423e-114 3.51841e-165
2.69100e-01 4.55372e-163 9.93210e-113 1.60545e-72 9.24119e-42 1.08344e-19 9.34648e-07 4.65373e-03 9.34648e-07 1.08344e-19 9.24119e-42 1.60545e-72 9.93210e-113 4.55372e-163
3.07600e-01 5.77609e-161 5.37667e-111 3.72499e-71 9.41866e-41 4.72715e-19 1.80992e-06 5.21679e-03 1.80992e-06 4.72715e-19 9.41866e-41 3.72499e-71 5.37667e-111 5.77609e-161
3.46000e-01 7.00200e-159 2.78799e-109 8.29841e-70 9.23674e-40 1.98949e-18 3.39555e-06 5.78611e-03 3.39555e-06 1.98949e-18 9.23674e-40 8.29841e-70 2.78799e-109 7.00200e-159
3.84500e-01 8.31731e-157 1.41354e-107 1.80396e-68 8.82032e-39 8.13758e-18 6.19308e-06 6.35871e-03 6.19308e-06 8.13758e-18 8.82032e-39 1.80396e-68 1.41354e-107 8.31731e-157
4.22900e-01 9.44364e-155 6.86600e-106 3.76601e-67 8.10590e-38 3.21140e-17 1.09493e-05 6.92580e-03 1.09493e-05 3.21140e-17 8.10590e-38 3.76601e-67 6.86600e-106 9.44364e-155
4.61400e-01 1.05050e-152 3.26037e-104 7.67064e-66 7.25255e-37 1.23158e-16 1.88254e-05 7.48443e-03 1.88254e-05 1.23158e-16 7.25255e-37 7.67064e-66 3.26037e-104 1.05050e-152
4.99800e-01 1.11718e-150 1.48350e-102 1.50066e-64 6.24618e-36 4.55803e-16 3.13951e-05 8.02550e-03 3.13951e-05 4.55803e-16 6.24618e-36 1.50066e-64 1.48350e-102 1.11718e-150
5.38300e-01 1.16379e-148 6.59787e-101 2.86391e-63 5.23660e-35 1.63915e-15 5.09359e-05 8.54507e-03 5.09359e-05 1.63915e-15 5.23660e-35 2.86391e-63 6.59787e-101 1.16379e-148
5.76700e-01 1.15923e-146 2.81225e-99 5.25070e-62 4.22671e-34 5.69008e-15 8.02176e-05 9.03290e-03 8.02176e-05 5.69008e-15 4.22671e-34 5.25070e-62 2.81225e-99 1.15923e-146
6.15200e-01 1.13089e-144 1.17146e-97 9.38939e-61 3.32051e-33 1.91916e-14 1.22963e-04 9.48312e-03 1.22963e-04 1.91916e-14 3.32051e-33 9.38939e-61 1.17146e-97 1.13089e-144
6.53600e-01 1.05508e-142 4.67749e-96 1.61330e-59 2.51196e-32 6.24990e-14 1.83120e-04 9.88425e-03 1.83120e-04 6.24990e-14 2.51196e-32 1.61330e-59 4.67749e-96 1.05508e-142
6.92100e-01 9.63903e-141 1.82495e-94 2.70327e-58 1.84931e-31 1.97743e-13 2.65603e-04 1.02288e-02 2.65603e-04 1.97743e-13 1.84931e-31 2.70327e-58 1.82495e-94 9.63903e-141
7.30500e-01 8.42314e-139 6.82614e-93 4.35315e-57 1.31129e-30 6.04256e-13 3.74645e-04 1.05056e-02 3.74645e-04 6.04255e-13 1.31129e-30 4.35315e-57 6.82614e-93 8.42314e-139
7.69000e-01 7.20643e-137 2.49450e-91 6.83510e-56 9.04729e-30 1.79385e-12 5.15100e-04 1.07079e-02 5.15100e-04 1.79385e-12 9.04729e-30 6.83510e-56 2.49450e-91 7.20643e-137
8.07400e-01 5.89841e-135 8.74088e-90 1.03159e-54 6.01340e-29 5.14488e-12 6.89547e-04 1.08285e-02 6.89547e-04 5.14487e-12 6.01340e-29 1.03159e-54 8.74088e-90 5.89841e-135
8.45900e-01 4.72587e-133 2.99184e-88 1.51785e-53 3.88862e-28 1.43351e-11 9.00645e-04 1.08650e-02 9.00645e-04 1.43351e-11 3.88862e-28 1.51785e-53 2.99184e-88 4.72587e-133
8.84300e-01 3.62303e-131 9.82121e-87 2.14710e-52 2.42295e-27 3.86004e-11 1.14694e-03 1.08186e-02 1.14694e-03 3.86004e-11 2.42295e-27 2.14710e-52 9.82121e-87 3.62303e-131
9.22800e-01 2.71845e-129 3.14871e-85 2.96054e-51 1.46863e-26 1.00978e-10 1.42685e-03 1.06952e-02 1.42685e-03 1.00978e-10 1.46863e-26 2.96054e-51 3.14871e-85 2.71845e-129
9.61200e-01 1.95204e-127 9.68323e-84 3.92529e-50 8.57918e-26 2.55376e-10 1.73344e-03 1.05066e-02 1.73344e-03 2.55376e-10 8.57918e-26 3.92529e-50 9.68323e-84 1.95204e-127
9.99600e-01 1.35663e-125 2.88244e-82 5.03889e-49 4.85296e-25 6.26046e-10 2.05945e-03 1.02684e-02 2.05945e-03 6.26045e-10 4.85296e-25 5.03889e-49 2.88244e-82 1.35663e-125
1.03800e+00 9.12526e-124 8.30527e-81 6.26275e-48 2.65831e-24 1.48784e-09 2.39491e-03 1.00002e-02 2.39491e-03 1.48784e-09 2.65831e-24 6.26275e-48 8.30527e-81 9.12526e-124
1.07700e+00 6.33959e-122 2.43936e-79 7.83315e-47 1.44700e-23 3.47258e-09 2.73373e-03 9.71985e-03 2.73373e-03 3.47257e-09 1.44700e-23 7.83315e-47 2.43936e-79 6.33959e-122
1.11500e+00 3.82446e-120 6.36107e-78 8.89325e-46 7.30530e-23 7.69253e-09 3.05045e-03 9.46121e-03 3.05045e-03 7.69251e-09 7.30530e-23 8.89325e-46 6.36107e-78 3.82446e-120
1.15300e+00 2.23452e-118 1.60671e-76 9.78261e-45 3.57417e-22 1.65383e-08 3.34307e-03 9.23768e-03 3.34307e-03 1.65382e-08 3.57417e-22 9.78261e-45 1.60671e-76 2.23452e-118
1.19200e+00 1.40552e-116 4.27421e-75 1.10913e-43 1.76481e-21 3.51750e-08 3.60845e-03 9.06316e-03 3.60845e-03 3.51749e-08 1.76481e-21 1.10913e-43 4.27421e-75 1.40552e-116
1.23000e+00 7.69647e-115 1.01208e-73 1.14438e-42 8.10324e-21 7.12177e-08 3.82537e-03 8.95996e-03 3.82537e-03 7.12174e-08 8.10324e-21 1.14438e-42 1.01208e-73 7.69647e-115
1.26900e+00 4.52947e-113 2.51971e-72 1.21498e-41 3.74900e-20 1.42490e-07 3.99988e-03 8.93070e-03 3.99988e-03 1.42489e-07 3.74900e-20 1.21498e-41 2.51971e-72 4.52947e-113
1.30700e+00 2.32459e-111 5.59334e-71 1.17589e-40 1.61574e-19 2.71955e-07 4.12046e-03 8.97850e-03 4.12046e-03 2.71954e-07 1.61574e-19 1.17589e-40 5.59334e-71 2.32459e-111
1.34600e+00 1.27999e-109 1.30328e-69 1.16912e-39 7.00554e-19 5.12440e-07 4.19329e-03 9.10115e-03 4.19329e-03 5.12437e-07 7.00554e-19 1.16912e-39 1.30328e-69 1.27999e-109
1.38400e+00 6.15676e-108 2.71225e-68 1.06143e-38 2.83450e-18 9.23128e-07 4.21668e-03 9.28203e-03 4.21668e-03 9.23123e-07 2.83450e-18 1.06143e-38 2.71225e-68 6.15676e-108
1.42300e+00 3.17190e-106 5.91476e-67 9.88310e-38 1.15200e-17 1.64054e-06 4.19574e-03 9.51475e-03 4.19574e-03 1.64053e-06 1.15200e-17 9.88310e-38 5.91476e-67 3.17190e-106
1.46100e+00 1.42993e-104 1.15403e-65 8.41746e-37 4.37688e-17 2.79385e-06 4.13651e-03 9.76801e-03 4.13651e-03 2.79384e-06 4.37688e-17 8.41746e-37 1.15403e-65 1.42993e-104
1.49900e+00 6.24333e-103 2.18109e-64 6.94681e-36 1.61226e-16 4.63114e-06 4.04466e-03 1.00255e-02 4.04466e-03 4.63110e-06 1.61226e-16 6.94681e-36 2.18109e-64 6.24333e-103
1.53800e+00 2.91229e-101 4.30880e-63 5.86528e-35 5.95197e-16 7.56825e-06 3.92272e-03 1.02698e-02 3.92272e-03 7.56819e-06 5.95197e-16 5.86528e-35 4.30880e-63 2.91229e-101
1.57600e+00 1.19176e-99 7.63519e-62 4.54136e-34 2.05963e-15 1.18975e-05 3.78304e-03 1.04644e-02 3.78304e-03 1.18974e-05 2.05963e-15 4.54136e-34 7.63519e-62 1.19176e-99
1.61500e+00 5.20143e-98 1.41182e-60 3.59142e-33 7.13236e-15 1.84380e-05 3.62424e-03 1.05959e-02 3.62424e-03 1.84378e-05 7.13236e-15 3.59142e-33 1.41182e-60 5.20143e-98
1.65300e+00 1.99495e-96 2.34565e-59 2.60905e-32 2.31938e-14 2.75635e-05 3.45977e-03 1.06371e-02 3.45977e-03 2.75632e-05 2.31938e-14 2.60905e-32 2.34565e-59 1.99495e-96
1.69200e+00 8.14668e-95 4.05990e-58 1.93273e-31 7.53708e-14 4.06313e-05 3.28581e-03 1.05732e-02 3.28581e-03 4.06309e-05 7.53708e-14 1.93273e-31 4.05990e-58 8.14668e-95
1.73000e+00 2.92853e-93 6.32467e-57 1.31746e-30 2.30426e-13 5.79450e-05 3.11525e-03 1.03962e-02 3.11525e-03 5.79443e-05 2.30426e-13 1.31746e-30 6.32467e-57 2.92853e-93
1.76900e+00 1.11896e-91 1.02471e-55 9.14253e-30 7.02999e-13 8.15268e-05 2.94253e-03 1.00912e-02 2.94253e-03 8.15258e-05 7.02999e-13 9.14253e-30 1.02471e-55 1.11896e-91
1.80700e+00 3.77004e-90 1.49685e-54 5.84816e-29 2.02158e-12 1.11299e-04 2.77911e-03 9.67537e-03 2.77911e-03 1.11297e-04 2.02158e-12 5.84816e-29 1.49685e-54 3.77004e-90
1.84600e+00 1.34783e-88 2.27023e-53 3.80211e-28 5.79361e-12 1.49998e-04 2.61852e-03 9.13558e-03 2.61852e-03 1.49996e-04 5.79361e-12 3.80211e-28 2.27023e-53 1.34783e-88
1.88400e+00 4.25627e-87 3.10973e-52 2.28245e-27 1.56803e-11 1.96695e-04 2.47052e-03 8.51439e-03 2.47052e-03 1.96692e-04 1.56803e-11 2.28245e-27 3.10973e-52 4.25627e-87
1.92200e+00 1.30178e-85 4.12669e-51 1.32795e-26 4.11979e-11 2.53147e-04 2.33200e-03 7.81927e-03 2.33200e-03 2.53144e-04 4.11979e-11 1.32795e-26 4.12669e-51 1.30178e-85
1.96100e+00 4.21411e-84 5.67171e-50 7.83372e-26 1.07678e-10 3.21867e-04 2.20056e-03 7.05388e-03 2.20056e-03 3.21863e-04 1.07678e-10 7.83372e-26 5.67171e-50 4.21411e-84
1.99900e+00 1.20805e-82 7.05830e-49 4.27800e-25 2.66568e-10 3.99577e-04 2.08357e-03 6.28372e-03 2.08357e-03 3.99572e-04 2.66568e-10 4.27800e-25 7.05830e-49 1.20805e-82
2.03800e+00 3.65919e-81 9.08232e-48 2.36493e-24 6.55749e-10 4.90103e-04 1.97538e-03 5.49538e-03 1.97538e-03 4.90098e-04 6.55749e-10 2.36493e-24 9.08232e-48 3.65919e-81
2.07600e+00 9.83194e-80 1.06002e-46 1.21237e-23 1.53102e-09 5.87953e-04 1.88189e-03 4.75351e-03 1.88189e-03 5.87946e-04 1.53102e-09 1.21237e-23 1.06002e-46 9.83194e-80
2.11500e+00 2.78660e-78 1.27709e-45 6.28147e-23 3.54845e-09 6.96696e-04 1.79843e-03 4.04040e-03 1.79843e-03 6.96689e-04 3.54845e-09 6.28147e-23 1.27709e-45 2.78660e-78
2.15300e+00 7.01789e-77 1.39795e-44 3.02329e-22 7.82200e-09 8.08539e-04 1.72929e-03 3.40859e-03 1.72929e-03 8.08532e-04 7.82200e-09 3.02329e-22 1.39795e-44 7.01789e-77
2.19200e+00 1.86115e-75 1.57702e-43 1.46833e-21 1.71012e-08 9.26408e-04 1.67055e-03 2.83603e-03 1.67055e-03 9.26401e-04 1.71012e-08 1.46833e-21 1.57702e-43 1.86115e-75
2.23000e+00 4.39337e-74 1.61918e-42 6.63614e-21 3.56358e-08 1.04089e-03 1.62448e-03 2.35777e-03 1.62448e-03 1.04088e-03 3.56358e-08 6.63614e-21 1.61918e-42 4.39337e-74
2.26800e+00 1.00447e-72 1.61078e-41 2.90770e-20 7.22628e-08 1.15138e-03 1.58810e-03 1.95923e-03 1.58810e-03 1.15138e-03 7.22628e-08 2.90770e-20 1.61078e-41 1.00447e-72
2.30700e+00 2.41225e-71 1.64732e-40 1.28262e-19 1.45172e-07 1.25683e-03 1.55875e-03 1.63031e-03 1.55875e-03 1.25682e-03 1.45172e-07 1.28262e-19 1.64732e-40 2.41225e-71
2.34500e+00 5.16956e-70 1.53727e-39 5.27875e-19 2.78877e-07 1.34835e-03 1.53516e-03 1.38225e-03 1.53516e-03 1.34834e-03 2.78877e-07 5.27875e-19 1.53727e-39 5.16956e-70
2.38400e+00 1.16169e-68 1.47234e-38 2.18379e-18 5.30399e-07 1.42769e-03 1.51257e-03 1.19404e-03 1.51257e-03 1.42769e-03 5.30399e-07 2.18379e-18 1.47234e-38 1.16169e-68
2.42200e+00 2.33356e-67 1.28897e-37 8.44389e-18 9.66717e-07 1.48855e-03 1.48830e-03 1.06639e-03 1.48830e-03 1.48855e-03 9.66717e-07 8.44389e-18 1.28897e-37 2.33356e-67
2.46100e+00 4.90698e-66 1.15626e-36 3.27693e-17 1.74339e-06 1.53267e-03 1.45706e-03 9.82691e-04 1.45706e-03 1.53267e-03 1.74339e-06 3.27693e-17 1.15626e-36 4.90698e-66
2.49900e+00 9.23942e-65 9.49712e-36 1.19074e-16 3.01936e-06 1.55722e-03 1.41693e-03 9.37608e-04 1.41693e-03 1.55721e-03 3.01936e-06 1.19074e-16 9.49712e-36 9.23942e-65
2.53800e+00 1.81805e-63 7.97987e-35 4.33625e-16 5.17096e-06 1.56372e-03 1.36302e-03 9.19193e-04 1.36302e-03 1.56372e-03 5.17096e-06 4.33625e-16 7.97987e-35 1.81805e-63
2.57600e+00 3.20882e-62 6.14997e-34 1.48121e-15 8.52166e-06 1.55273e-03 1.29658e-03 9.19871e-04 1.29658e-03 1.55273e-03 8.52166e-06 1.48121e-15 6.14997e-34 3.20882e-62
2.61400e+00 5.48560e-61 4.59320e-33 4.90827e-15 1.37098e-05 1.52602e-03 1.21630e-03 9.31543e-04 1.21630e-03 1.52602e-03 1.37098e-05 4.90827e-15 4.59320e-33 5.48560e-61
2.65300e+00 9.77544e-60 3.50084e-32 1.62652e-14 2.17884e-05 1.48406e-03 1.12091e-03 9.48573e-04 1.12091e-03 1.48406e-03 2.17884e-05 1.62652e-14 3.50084e-32 9.77544e-60
2.69100e+00 1.56651e-58 2.45370e-31 5.06961e-14 3.34109e-05 1.43100e-03 1.01791e-03 9.65276e-04 1.01791e-03 1.43100e-03 3.34109e-05 5.06961e-14 2.45370e-31 1.56651e-58
2.73000e+00 2.61235e-57 1.75219e-30 1.57801e-13 5.05673e-05 1.36626e-03 9.05604e-04 9.79031e-04 9.05604e-04 1.36626e-03 5.05673e-05 1.57801e-13 1.75219e-30 2.61235e-57
2.76800e+00 3.92425e-56 1.15262e-29 4.62837e-13 7.39608e-05 1.29535e-03 7.93821e-04 9.87075e-04 7.93821e-04 1.29535e-03 7.39608e-05 4.62837e-13 1.15262e-29 3.92425e-56
2.80700e+00 6.12416e-55 7.71259e-29 1.35390e-12 1.06664e-04 1.21683e-03 6.80948e-04 9.88832e-04 6.80948e-04 1.21683e-03 1.06664e-04 1.35390e-12 7.71259e-29 6.12416e-55
2.84500e+00 8.62400e-54 4.76220e-28 3.73886e-12 1.48864e-04 1.13692e-03 5.76508e-04 9.84025e-04 5.76508e-04 1.13692e-03 1.48864e-04 3.73886e-12 4.76220e-28 8.62400e-54
2.88400e+00 1.25951e-52 2.98630e-27 1.02843e-11 2.04622e-04 1.05363e-03 4.78141e-04 9.72650e-04 4.78141e-04 1.05363e-03 2.04622e-04 1.02843e-11 2.98630e-27 1.25951e-52
2.92200e+00 1.66268e-51 1.73102e-26 2.67563e-11 2.72532e-04 9.73265e-04 3.93037e-04 9.55664e-04 3.93037e-04 9.73265e-04 2.72532e-04 2.67563e-11 1.73102e-26 1.66268e-51
2.96000e+00 2.12606e-50 9.72635e-26 6.76090e-11 3.54697e-04 8.95621e-04 3.19742e-04 9.33156e-04 3.19742e-04 8.95621e-04 3.54697e-04 6.76090e-11 9.72635e-26 2.12606e-50
2.99900e+00 2.81241e-49 5.53711e-25 1.69855e-10 4.53806e-04 8.20670e-04 2.57177e-04 9.04503e-04 2.57177e-04 8.20670e-04 4.53806e-04 1.69855e-10 5.53711e-25 2.81241e-49
3.03700e+00 3.37138e-48 2.92134e-24 4.04773e-10 5.63584e-04 7.54009e-04 2.08225e-04 8.71325e-04 2.08225e-04 7.54009e-04 5.63584e-04 4.04773e-10 2.92134e-24 3.37138e-48
3.07600e+00 4.17389e-47 1.55912e-23 9.57954e-10 6.87174e-04 6.93815e-04 1.69441e-04 8.32211e-04 1.69441e-04 6.93815e-04 6.87174e-04 9.57954e-10 1.55912e-23 4.17389e-47
3.11400e+00 4.69076e-46 7.72494e-23 2.15467e-09 8.14286e-04 6.44635e-04 1.41659e-04 7.89919e-04 1.41659e-04 6.44635e-04 8.14286e-04 2.15467e-09 7.72494e-23 4.69076e-46
3.15300e+00 5.43524e-45 3.86568e-22 4.80776e-09 9.46194e-04 6.05140e-04 1.22064e-04 7.43719e-04 1.22064e-04 6.05140e-04 9.46194e-04 4.80776e-09 3.86568e-22 5.43524e-45
3.19100e+00 5.72674e-44 1.79899e-21 1.02153e-08 1.06994e-03 5.78217e-04 1.10337e-04 6.98317e-04 1.10337e-04 5.78217e-04 1.06994e-03 1.02153e-08 1.79899e-21 5.72674e-44
3.23000e+00 6.21070e-43 8.44242e-21 2.15097e-08 1.18514e-03 5.62840e-04 1.04568e-04 6.54772e-04 1.04568e-04 5.62840e-04 1.18514e-03 2.15097e-08 8.44242e-21 6.21070e-43
3.26800e+00 6.13523e-42 3.69088e-20 4.32119e-08 1.27941e-03 5.59559e-04 1.03938e-04 6.19648e-04 1.03938e-04 5.59559e-04 1.27941e-03 4.32119e-08 3.69088e-20 6.13523e-42
3.30700e+00 6.22781e-41 1.62464e-19 8.59421e-08 1.35188e-03 5.67213e-04 1.07425e-04 5.96524e-04 1.07425e-04 5.67213e-04 1.35188e-03 8.59421e-08 1.62464e-19 6.22781e-41
3.34500e+00 5.76824e-40 6.67364e-19 1.63390e-07 1.39471e-03 5.83695e-04 1.14063e-04 5.92554e-04 1.14063e-04 5.83695e-04 1.39471e-03 1.63390e-07 6.67364e-19 5.76824e-40
3.38300e+00 5.17544e-39 2.65856e-18 3.02388e-07 1.40796e-03 6.06692e-04 1.23276e-04 6.13246e-04 1.23276e-04 6.06692e-04 1.40796e-03 3.02388e-07 2.65856e-18 5.17544e-39
3.42200e+00 4.75971e-38 1.06389e-17 5.53207e-07 1.39087e-03 6.33985e-04 1.34892e-04 6.66785e-04 1.34892e-04 6.33985e-04 1.39087e-03 5.53207e-07 1.06389e-17 4.75971e-38
3.46000e+00 4.00432e-37 3.98339e-17 9.70123e-07 1.34653e-03 6.60818e-04 1.47891e-04 7.56423e-04 1.47891e-04 6.60818e-04 1.34653e-03 9.70123e-07 3.98339e-17 4.00432e-37
3.49900e+00 3.44731e-36 1.49595e-16 1.67998e-06 1.27692e-03 6.85053e-04 1.62540e-04 8.91811e-04 1.62540e-04 6.85053e-04 1.27692e-03 1.67998e-06 1.49595e-16 3.44731e-36
3.53700e+00 2.71953e-35 5.26551e-16 2.79359e-06 1.19113e-03 7.02268e-04 1.77635e-04 1.06861e-03 1.77635e-04 7.02268e-04 1.19113e-03 2.79359e-06 5.26551e-16 2.71953e-35
3.57600e+00 2.19173e-34 1.85617e-15 4.58244e-06 1.09112e-03 7.10644e-04 1.93389e-04 1.29554e-03 1.93389e-04 7.10644e-04 1.09112e-03 4.58244e-06 1.85617e-15 2.19173e-34
3.61400e+00 1.62139e-33 6.14349e-15 7.23002e-06 9.88330e-04 7.07918e-04 2.08286e-04 1.55624e-03 2.08286e-04 7.07918e-04 9.88330e-04 7.23002e-06 6.14349e-15 1.62139e-33
3.65300e+00 1.22334e-32 2.03337e-14 1.12400e-05 8.83248e-04 6.93041e-04 2.22221e-04 1.85459e-03 2.22221e-04 6.93041e-04 8.83248e-04 1.12400e-05 2.03337e-14 1.22334e-32
3.69100e+00 8.48713e-32 6.32991e-14 1.68342e-05 7.85920e-04 6.66909e-04 2.33521e-04 2.16088e-03 2.33521e-04 6.66909e-04 7.85920e-04 1.68342e-05 6.32991e-14 8.48713e-32
3.72900e+00 5.70458e-31 1.91199e-13 2.45758e-05 6.96878e-04 6.30355e-04 2.41620e-04 2.46413e-03 2.41620e-04 6.30355e-04 6.96878e-04 2.45758e-05 1.91199e-13 5.70458e-31
3.76800e+00 3.90095e-30 5.76275e-13 3.52873e-05 6.16110e-04 5.83923e-04 2.45744e-04 2.75023e-03 2.45744e-04 5.83923e-04 6.16110e-04 3.52873e-05 5.76275e-13 3.90095e-30
3.80600e+00 2.45919e-29 1.63790e-12 4.89202e-05 5.48469e-04 5.32419e-04 2.45107e-04 2.98248e-03 2.45107e-04 5.32419e-04 5.48469e-04 4.89202e-05 1.63790e-12 2.45919e-29
3.84500e+00 1.57464e-28 4.63846e-12 6.66184e-05 4.90123e-04 4.75944e-04 2.39476e-04 3.15253e-03 2.39476e-04 4.75944e-04 4.90123e-04 6.66184e-05 4.63846e-12 1.57464e-28
3.88300e+00 9.31094e-28 1.24091e-11 8.77135e-05 4.43179e-04 4.20126e-04 2.29396e-04 3.23652e-03 2.29396e-04 4.20126e-04 4.43179e-04 8.77135e-05 1.24091e-11 9.31094e-28
3.92200e+00 5.58293e-27 3.30308e-11 1.13292e-04 4.03990e-04 3.64622e-04 2.15067e-04 3.23045e-03 2.15067e-04 3.64622e-04 4.03990e-04 1.13292e-04 3.30308e-11 5.58293e-27
3.96000e+00 3.09675e-26 8.32041e-11 1.41676e-04 3.73504e-04 3.14379e-04 1.98292e-04 3.13474e-03 1.98292e-04 3.14379e-04 3.73504e-04 1.41676e-04 8.32041e-11 3.09675e-26
3.99900e+00 1.73899e-25 2.08247e-10 1.73574e-04 3.49347e-04 2.68395e-04 1.79537e-04 2.95309e-03 1.79537e-04 2.68395e-04 3.49347e-04 1.73574e-04 2.08247e-10 1.73899e-25
4.03700e+00 9.04931e-25 4.94119e-10 2.06184e-04 3.32459e-04 2.30065e-04 1.61121e-04 2.71047e-03 1.61121e-04 2.30065e-04 3.32459e-04 2.06184e-04 4.94119e-10 9.04931e-25
4.07500e+00 4.56320e-24 1.13850e-09 2.38808e-04 3.22282e-04 1.98641e-04 1.43788e-04 2.42349e-03 1.43788e-04 1.98641e-04 3.22282e-04 2.38808e-04 1.13850e-09 4.56320e-24
4.11400e+00 2.32391e-23 2.60113e-09 2.70503e-04 3.19320e-04 1.73642e-04 1.28134e-04 2.10653e-03 1.28134e-04 1.73642e-04 3.19320e-04 2.70503e-04 2.60113e-09 2.32391e-23
4.15200e+00 1.09958e-22 5.64895e-09 2.97814e-04 3.24338e-04 1.56066e-04 1.15593e-04 1.79851e-03 1.15593e-04 1.56066e-04 3.24338e-04 2.97814e-04 5.64895e-09 1.09958e-22
4.19100e+00 5.24600e-22 1.21487e-08 3.20425e-04 3.38071e-04 1.44420e-04 1.05767e-04 1.50381e-03 1.05767e-04 1.44420e-04 3.38071e-04 3.20425e-04 1.21487e-08 5.24600e-22
4.22900e+00 2.32941e-21 2.48798e-08 3.35831e-04 3.59815e-04 1.38565e-04 9.90640e-05 1.25286e-03 9.90640e-05 1.38565e-04 3.59815e-04 3.35831e-04 2.48798e-08 2.32941e-21
4.26800e+00 1.04129e-20 5.03919e-08 3.44003e-04 3.89962e-04 1.37302e-04 9.47434e-05 1.04274e-03 9.47434e-05 1.37302e-04 3.89962e-04 3.44003e-04 5.03919e-08 1.04129e-20
4.30600e+00 4.33978e-20 9.73663e-08 3.44367e-04 4.25352e-04 1.39746e-04 9.24722e-05 8.88696e-04 9.24722e-05 1.39746e-04 4.25352e-04 3.44368e-04 9.73663e-08 4.33978e-20
4.34500e+00 1.81797e-19 1.85826e-07 3.37495e-04 4.65232e-04 1.44988e-04 9.14751e-05 7.82201e-04 9.14751e-05 1.44988e-04 4.65232e-04 3.37496e-04 1.85826e-07 1.81797e-19
4.38300e+00 7.11289e-19 3.38934e-07 3.24891e-04 5.04282e-04 1.51733e-04 9.11807e-05 7.24402e-04 9.11807e-05 1.51733e-04 5.04282e-04 3.24891e-04 3.38934e-07 7.11289e-19
4.42200e+00 2.79286e-18 6.09867e-07 3.07552e-04 5.40734e-04 1.59294e-04 9.10119e-05 7.04945e-04 9.10119e-05 1.59294e-04 5.40734e-04 3.07553e-04 6.09867e-07 2.79286e-18
4.46000e+00 1.02603e-17 1.05061e-06 2.88203e-04 5.69063e-04 1.66349e-04 9.05590e-05 7.16118e-04 9.05591e-05 1.66348e-04 5.69063e-04 2.88204e-04 1.05061e-06 1.02603e-17
4.49800e+00 3.65434e-17 1.75992e-06 2.68210e-04 5.87224e-04 1.72309e-04 8.95508e-05 7.47770e-04 8.95509e-05 1.72309e-04 5.87224e-04 2.68212e-04 1.75992e-06 3.65434e-17
4.53700e+00 1.30320e-16 2.90311e-06 2.48604e-04 5.93135e-04 1.76676e-04 8.78064e-05 7.92007e-04 8.78066e-05 1.76676e-04 5.93135e-04 2.48606e-04 2.90311e-06 1.30320e-16
4.57500e+00 4.35992e-16 4.59683e-06 2.31488e-04 5.85723e-04 1.78883e-04 8.54166e-05 8.37927e-04 8.54168e-05 1.78883e-04 5.85723e-04 2.31492e-04 4.59683e-06 4.35992e-16
4.61400e+00 1.45831e-15 7.15881e-06 2.16552e-04 5.65314e-04 1.78978e-04 8.23650e-05 8.80143e-04 8.23652e-05 1.78978e-04 5.65314e-04 2.16556e-04 7.15881e-06 1.45831e-15
4.65200e+00 4.58423e-15 1.07200e-05 2.04605e-04 5.35001e-04 1.77163e-04 7.89853e-05 9.10362e-04 7.89856e-05 1.77162e-04 5.35001e-04 2.04610e-04 1.07200e-05 4.58423e-15
4.69100e+00 1.43864e-14 1.57689e-05 1.94625e-04 4.96386e-04 1.73790e-04 7.53190e-05 9.25527e-04 7.53194e-05 1.73790e-04 4.96386e-04 1.94631e-04 1.57689e-05 1.43864e-14
4.72900e+00 4.25092e-14 2.23415e-05 1.86476e-04 4.55125e-04 1.69614e-04 7.17647e-05 9.22158e-04 7.17652e-05 1.69613e-04 4.55125e-04 1.86482e-04 2.23415e-05 4.25092e-14
4.76800e+00 1.25218e-13 3.10556e-05 1.78974e-04 4.12939e-04 1.65067e-04 6.83194e-05 8.99187e-04 6.83200e-05 1.65067e-04 4.12939e-04 1.78981e-04 3.10556e-05 1.25218e-13
4.80600e+00 3.47939e-13 4.16477e-05 1.71864e-04 3.75361e-04 1.60963e-04 6.52815e-05 8.58711e-04 6.52822e-05 1.60962e-04 3.75361e-04 1.71871e-04 4.16477e-05 3.47939e-13
4.84400e+00 9.38097e-13 5.43666e-05 1.64524e-04 3.43867e-04 1.57614e-04 6.26117e-05 8.02835e-04 6.26124e-05 1.57613e-04 3.43867e-04 1.64531e-04 5.43666e-05 9.38097e-13
4.88300e+00 2.51643e-12 6.95008e-05 1.56583e-04 3.19599e-04 1.55205e-04 6.02392e-05 7.33301e-04 6.02399e-05 1.55204e-04 3.19599e-04 1.56591e-04 6.95008e-05 2.51643e-12
4.92100e+00 6.38574e-12 8.59301e-05 1.48538e-04 3.04485e-04 1.53866e-04 5.82129e-05 6.58185e-04 5.82136e-05 1.53866e-04 3.04485e-04 1.48545e-04 8.59301e-05 6.38574e-12
4.96000e+00 1.61027e-11 1.03922e-04 1.40247e-04 2.97464e-04 1.53305e-04 5.63105e-05 5.78460e-04 5.63112e-05 1.53304e-04 2.97464e-04 1.40254e-04 1.03922e-04 1.61027e-11
4.99800e+00 3.84893e-11 1.21763e-04 1.32487e-04 2.97862e-04 1.53151e-04 5.45015e-05 5.02698e-04 5.45022e-05 1.53151e-04 2.97862e-04 1.32493e-04 1.21763e-04 3.84893e-11
5.03700e+00 9.13195e-11 1.39405e-04 1.25183e-04 3.04028e-04 1.52867e-04 5.25659e-05 4.30786e-04 5.25665e-05 1.52866e-04 3.04028e-04 1.25188e-04 1.39405e-04 9.13195e-11
5.07500e+00 2.05799e-10 1.54913e-04 1.18918e-04 3.13678e-04 1.51912e-04 5.05090e-05 3.69089e-04 5.05096e-05 1.51911e-04 3.13678e-04 1.18922e-04 1.54913e-04 2.05799e-10
5.11400e+00 4.59934e-10 1.68075e-04 1.13406e-04 3.25131e-04 1.49703e-04 4.81669e-05 3.15874e-04 4.81673e-05 1.49702e-04 3.25131e-04 1.13410e-04 1.68075e-04 4.59934e-10
5.15200e+00 9.78494e-10 1.77371e-04 1.08813e-04 3.35736e-04 1.45946e-04 4.56510e-05 2.74150e-04 4.56514e-05 1.45946e-04 3.35736e-04 1.08816e-04 1.77371e-04 9.78494e-10
5.19000e+00 2.02451e-09 1.82600e-04 1.04750e-04 3.43983e-04 1.40363e-04 4.29393e-05 2.41726e-04 4.29396e-05 1.40363e-04 3.43983e-04 1.04752e-04 1.82600e-04 2.02451e-09
5.22900e+00 4.14959e-09 1.83464e-04 1.00831e-04 3.48491e-04 1.32675e-04 4.00258e-05 2.16683e-04 4.00261e-05 1.32675e-04 3.48491e-04 1.00832e-04 1.83464e-04 4.14959e-09
5.26700e+00 8.12543e-09 1.80000e-04 9.69802e-05 3.48049e-04 1.23413e-04 3.71559e-05 1.98556e-04 3.71561e-05 1.23413e-04 3.48049e-04 9.69809e-05 1.80000e-04 8.12543e-09
5.30600e+00 1.57562e-08 1.72455e-04 9.27886e-05 3.42187e-04 1.12413e-04 3.42883e-05 1.84545e-04 3.42885e-05 1.12413e-04 3.42187e-04 9.27888e-05 1.72455e-04 1.57562e-08
5.34400e+00 2.92641e-08 1.61894e-04 8.83817e-05 3.31322e-04 1.00685e-04 3.16723e-05 1.73802e-04 3.16725e-05 1.00685e-04 3.31322e-04 8.83816e-05 1.61894e-04 2.92641e-08
5.38300e+00 5.38201e-08 1.48641e-04 8.35504e-05 3.15509e-04 8.81546e-05 2.92577e-05 1.64529e-04 2.92579e-05 8.81546e-05 3.15509e-04 8.35502e-05 1.48641e-04 5.38201e-08
5.42100e+00 9.50635e-08 1.34291e-04 7.86508e-05 2.96534e-04 7.60050e-05 2.72248e-05 1.56434e-04 2.72249e-05 7.60050e-05 2.96534e-04 7.86504e-05 1.34291e-04 9.50635e-08
5.46000e+00 1.66294e-07 1.19003e-04 7.35819e-05 2.74623e-04 6.41121e-05 2.54891e-05 1.48689e-04 2.54892e-05 6.41121e-05 2.74623e-04 7.35814e-05 1.19003e-04 1.66294e-07
5.49800e+00 2.80161e-07 1.04342e-04 6.87530e-05 2.52127e-04 5.34934e-05 2.41249e-05 1.41590e-04 2.41250e-05 5.34934e-05 2.52127e-04 6.87525e-05 1.04342e-04 2.80161e-07
5.53700e+00 4.67590e-07 9.01900e-05 6.40242e-05 2.29022e-04 4.38867e-05 2.30112e-05 1.34819e-04 2.30113e-05 4.38867e-05 2.29022e-04 6.40238e-05 9.01899e-05 4.67590e-07
5.57500e+00 7.53629e-07 7.77437e-05 5.96893e-05 2.07399e-04 3.59390e-05 2.21328e-05 1.28819e-04 2.21329e-05 3.59390e-05 2.07399e-04 5.96890e-05 7.77436e-05 7.53629e-07
5.61300e+00 1.18960e-06 6.69399e-05 5.56154e-05 1.87296e-04 2.94151e-05 2.13743e-05 1.23457e-04 2.13744e-05 2.94151e-05 1.87296e-04 5.56151e-05 6.69397e-05 1.18960e-06
5.65200e+00 1.86089e-06 5.77572e-05 5.16518e-05 1.68644e-04 2.41241e-05 2.06326e-05 1.18576e-04 2.06327e-05 2.41242e-05 1.68644e-04 5.16515e-05 5.77570e-05 1.86089e-06
5.69000e+00 2.82082e-06 5.07580e-05 4.79299e-05 1.52582e-04 2.01903e-05 1.98722e-05 1.14297e-04 1.98723e-05 2.01904e-05 1.52582e-04 4.79297e-05 5.07578e-05 2.82082e-06
5.72900e+00 4.23700e-06 4.55859e-05 4.41869e-05 1.38303e-04 1.72120e-05 1.89990e-05 1.10191e-04 1.89990e-05 1.72121e-05 1.38303e-04 4.41868e-05 4.55857e-05 4.23700e-06
5.76700e+00 6.17788e-06 4.24532e-05 4.05782e-05 1.26492e-04 1.51431e-05 1.80314e-05 1.06255e-04 1.80314e-05 1.51432e-05 1.26492e-04 4.05781e-05 4.24529e-05 6.17788e-06
5.80600e+00 8.92135e-06 4.10818e-05 3.69172e-05 1.16441e-04 1.36821e-05 1.69187e-05 1.02082e-04 1.69187e-05 1.36822e-05 1.16441e-04 3.69171e-05 4.10815e-05 8.92135e-06
5.84400e+00 1.25228e-05 4.13809e-05 3.34351e-05 1.08562e-04 1.27463e-05 1.57406e-05 9.77601e-05 1.57406e-05 1.27463e-05 1.08562e-04 3.34351e-05 4.13806e-05 1.25228e-05
5.88300e+00 1.73953e-05 4.31486e-05 3.00265e-05 1.02315e-04 1.21597e-05 1.44744e-05 9.30125e-05 1.44744e-05 1.21597e-05 1.02315e-04 3.00265e-05 4.31483e-05 1.73953e-05
5.92100e+00 2.35138e-05 4.60406e-05 2.69575e-05 9.78609e-05 1.18651e-05 1.32303e-05 8.81237e-05 1.32303e-05 1.18651e-05 9.78609e-05 2.69575e-05 4.60404e-05 2.35138e-05
5.95900e+00 3.12004e-05 4.98021e-05 2.42264e-05 9.48084e-05 1.17867e-05 1.20202e-05 8.30931e-05 1.20202e-05 1.17867e-05 9.48084e-05 2.42264e-05 4.98019e-05 3.12004e-05
5.99800e+00 4.09159e-05 5.42449e-05 2.18496e-05 9.28526e-05 1.18929e-05 1.08528e-05 7.79682e-05 1.08529e-05 1.18930e-05 9.28526e-05 2.18496e-05 5.42447e-05 4.09159e-05
6.03600e+00 5.23051e-05 5.88147e-05 1.99925e-05 9.17662e-05 1.21518e-05 9.81607e-06 7.32320e-05 9.81608e-06 1.21518e-05 9.17662e-05 1.99925e-05 5.88145e-05 5.23051e-05
6.07500e+00 6.60428e-05 6.34129e-05 1.85652e-05 9.11196e-05 1.25506e-05 8.87185e-06 6.88788e-05 8.87185e-06 1.25506e-05 9.11196e-05 1.85652e-05 6.34127e-05 6.60428e-05
6.11300e+00 8.14088e-05 6.74864e-05 1.76121e-05 9.05865e-05 1.30374e-05 8.07324e-06 6.53574e-05 8.07325e-06 1.30374e-05 9.05865e-05 1.76121e-05 6.74863e-05 8.14088e-05
6.15200e+00 9.90895e-05 7.09439e-05 1.70209e-05 8.98031e-05 1.35945e-05 7.37337e-06 6.26790e-05 7.37337e-06 1.35945e-05 8.98031e-05 1.70209e-05 7.09438e-05 9.90895e-05
6.19000e+00 1.17951e-04 7.33478e-05 1.67410e-05 8.85523e-05 1.41407e-05 6.79684e-06 6.11109e-05 6.79684e-06 1.41407e-05 8.85523e-05 1.67410e-05 7.33477e-05 1.17951e-04
6.22900e+00 1.38636e-04 7.46076e-05 1.66648e-05 8.65941e-05 1.46432e-05 6.29798e-06 6.06199e-05 6.29798e-06 1.46433e-05 8.65941e-05 1.66648e-05 7.46075e-05 1.38636e-04
6.26700e+00 1.59639e-04 7.45168e-05 1.67104e-05 8.39620e-05 1.50171e-05 5.88673e-06 6.11806e-05 5.88673e-06 1.50171e-05 8.39620e-05 1.67104e-05 7.45168e-05 1.59639e-04
6.30500e+00 1.80948e-04 7.30674e-05 1.68044e-05 8.06503e-05 1.52274e-05 5.53529e-06 6.26135e-05 5.53529e-06 1.52274e-05 8.06503e-05 1.68044e-05 7.30674e-05 1.80948e-04
6.34400e+00 2.02493e-04 7.02054e-05 1.69007e-05 7.66815e-05 1.52408e-05 5.22520e-06 6.47303e-05 5.22520e-06 1.52408e-05 7.66815e-05 1.69007e-05 7.02054e-05 2.02493e-04
6.38200e+00 2.22472e-04 6.62125e-05 1.69693e-05 7.24763e-05 1.50503e-05 4.96471e-06 6.70903e-05 4.96471e-06 1.50503e-05 7.24763e-05 1.69693e-05 6.62125e-05 2.22472e-04
6.42100e+00 2.41166e-04 6.11099e-05 1.70103e-05 6.81065e-05 1.46692e-05 4.73595e-06 6.94282e-05 4.73595e-06 1.46692e-05 6.81065e-05 1.70103e-05 6.11099e-05 2.41166e-04
6.45900e+00 2.56853e-04 5.54493e-05 1.70326e-05 6.41195e-05 1.41657e-05 4.54967e-06 7.12481e-05 4.54967e-06 1.41657e-05 6.41195e-05 1.70326e-05 5.54493e-05 2.56853e-04
6.49800e+00 2.69593e-04 4.92684e-05 1.70539e-05 6.06477e-05 1.35840e-05 4.39695e-06 7.23048e-05 4.39695e-06 1.35840e-05 6.06477e-05 1.70539e-05 4.92685e-05 2.69593e-04
6.53600e+00 2.78073e-04 4.32062e-05 1.70849e-05 5.81678e-05 1.30302e-05 4.28693e-06 7.23023e-05 4.28693e-06 1.30302e-05 5.81678e-05 1.70849e-05 4.32062e-05 2.78073e-04
6.57500e+00 2.82197e-04 3.72382e-05 1.71267e-05 5.67801e-05 1.25491e-05 4.21407e-06 7.11096e-05 4.21407e-06 1.25491e-05 5.67801e-05 1.71267e-05 3.72382e-05 2.82197e-04
6.61300e+00 2.81438e-04 3.18913e-05 1.71607e-05 5.66628e-05 1.22191e-05 4.18000e-06 6.87867e-05 4.18000e-06 1.22191e-05 5.66628e-05 1.71607e-05 3.18913e-05 2.81438e-04
6.65200e+00 2.75692e-04 2.70318e-05 1.71559e-05 5.77680e-05 1.20506e-05 4.17733e-06 6.53280e-05 4.17733e-06 1.20506e-05 5.77680e-05 1.71559e-05 2.70319e-05 2.75692e-04
6.69000e+00 2.65476e-04 2.29721e-05 1.70700e-05 5.98385e-05 1.20466e-05 4.19712e-06 6.11114e-05 4.19712e-06 1.20466e-05 5.98385e-05 1.70700e-05 2.29721e-05 2.65476e-04
6.72800e+00 2.51204e-04 1.95728e-05 1.68594e-05 6.25447e-05 1.21646e-05 4.22661e-06 5.63065e-05 4.22661e-06 1.21646e-05 6.25447e-05 1.68595e-05 1.95729e-05 2.51204e-04
6.76700e+00 2.33114e-04 1.67112e-05 1.64737e-05 6.55067e-05 1.23493e-05 4.25146e-06 5.10323e-05 4.25146e-06 1.23493e-05 6.55067e-05 1.64737e-05 1.67113e-05 2.33114e-04
6.80500e+00 2.13070e-04 1.44444e-05 1.59077e-05 6.80522e-05 1.25148e-05 4.25422e-06 4.57996e-05 4.25422e-06 1.25148e-05 6.80522e-05 1.59077e-05 1.44445e-05 2.13070e-04
6.84400e+00 1.91076e-04 1.25475e-05 1.51264e-05 6.97913e-05 1.25884e-05 4.21912e-06 4.05359e-05 4.21912e-06 1.25884e-05 6.97913e-05 1.51264e-05 1.25475e-05 1.91076e-04
6.88200e+00 1.69275e-04 1.10184e-05 1.41859e-05 7.02151e-05 1.24981e-05 4.13542e-06 3.56534e-05 4.13542e-06 1.24981e-05 7.02151e-05 1.41860e-05 1.10185e-05 1.69275e-04
6.92100e+00 1.47464e-04 9.68780e-06 1.30735e-05 6.90631e-05 1.21894e-05 3.99046e-06 3.09884e-05 3.99046e-06 1.21894e-05 6.90631e-05 1.30735e-05 9.68787e-06 1.47464e-04
6.95900e+00 1.27501e-04 8.55595e-06 1.18951e-05 6.63038e-05 1.16571e-05 3.78952e-06 2.68273e-05 3.78952e-06 1.16571e-05 6.63038e-05 1.18952e-05 8.55603e-06 1.27501e-04
6.99800e+00 1.08873e-04 7.51308e-06 1.06460e-05 6.18933e-05 1.08806e-05 3.52615e-06 2.29684e-05 3.52615e-06 1.08806e-05 6.18933e-05 1.06460e-05 7.51315e-06 1.08873e-04
7.03600e+00 9.28237e-05 6.58158e-06 9.44349e-06 5.63205e-05 9.93246e-06 3.22342e-06 1.96079e-05 3.22342e-06 9.93246e-06 5.63205e-05 9.44354e-06 6.58165e-06 9.28237e-05
7.07400e+00 7.89262e-05 5.71678e-06 8.29983e-06 4.98624e-05 8.84628e-06 2.88870e-06 1.66294e-05 2.88870e-06 8.84628e-06 4.98624e-05 8.29990e-06 5.71685e-06 7.89262e-05
7.11300e+00 6.68008e-05 4.89168e-06 7.21996e-06 4.27597e-05 7.65180e-06 2.52829e-06 1.39510e-05 2.52829e-06 7.65180e-06 4.27597e-05 7.22003e-06 4.89174e-06 6.68008e-05
7.15100e+00 5.68507e-05 4.14835e-06 6.27641e-06 3.58048e-05 6.47407e-06 2.17676e-06 1.16876e-05 2.17676e-06 6.47407e-06 3.58048e-05 6.27648e-06 4.14841e-06 5.68507e-05
7.19000e+00 4.82571e-05 3.45098e-06 5.42297e-06 2.90156e-05 5.31076e-06 1.83046e-06 9.69275e-06 1.83046e-06 5.31076e-06 2.90156e-05 5.42304e-06 3.45103e-06 4.82571e-05
7.22800e+00 4.11599e-05 2.83937e-06 4.69601e-06 2.30188e-05 4.26738e-06 1.51841e-06 8.03827e-06 1.51841e-06 4.26738e-06 2.30188e-05 4.69608e-06 2.83941e-06 4.11599e-05
7.26700e+00 3.49003e-05 2.28462e-06 4.04284e-06 1.76776e-05 3.32127e-06 1.23193e-06 6.60248e-06 1.23193e-06 3.32127e-06 1.76776e-05 4.04291e-06 2.28465e-06 3.49003e-05
7.30500e+00 2.95750e-05 1.81644e-06 3.48083e-06 1.33365e-05 2.53702e-06 9.89427e-07 5.42444e-06 9.89427e-07 2.53702e-06 1.33365e-05 3.48090e-06 1.81646e-06 2.95750e-05
