0.100000 0.002374995
0.200000 0.003614789
0.300000 0.005023215
0.400000 0.006504978
0.500000 0.007990674
0.600000 0.009441623
0.700000 0.010839445
0.800000 0.012174578
0.900000 0.013439485
1.000000 0.014625579
1.100000 0.015721463
1.200000 0.016710969
1.300000 0.017570142
1.400000 0.018262420
1.500000 0.018731414
1.600000 0.018892653
1.700000 0.018630895
1.800000 0.017816619
1.900000 0.016354572
2.000000 0.014256924
2.100000 0.011700932
2.200000 0.009021032
2.300000 0.006623779
2.400000 0.004873113
2.500000 0.004013787
2.600000 0.004159663
2.700000 0.005306432
2.800000 0.007298554
2.900000 0.009739403
3.000000 0.011954795
3.100000 0.013159364
3.200000 0.012817163
3.300000 0.010958071
3.400000 0.008183662
3.500000 0.005337445
3.600000 0.003084311
3.700000 0.001682265
3.800000 0.001032287
3.900000 0.000877555
4.000000 0.000977135
4.100000 0.001177755
4.200000 0.001406880
4.300000 0.001636303
4.400000 0.001848125
4.500000 0.002018356
4.600000 0.002124689
4.700000 0.002175432
4.800000 0.002243273
4.900000 0.002471778
5.000000 0.003012641
5.100000 0.003881768
5.200000 0.004823731
5.300000 0.005364376
5.400000 0.005117536
5.500000 0.004107143
5.600000 0.002763092
5.700000 0.001583941
5.800000 0.000819758
5.900000 0.000437135
6.000000 0.000281580
6.100000 0.000222384
6.200000 0.000194047
6.300000 0.000176109
6.400000 0.000165960
6.500000 0.000163452
6.600000 0.000165289
6.700000 0.000164875
6.800000 0.000155263
6.900000 0.000133134
7.000000 0.000101161
